timeframe: 2
fib_entry: 0.618
entry_expiry: 5
breakeven_r: 0.0
max_atr: 0.0
min_rvol: 0.0
min_wick: 0.0
use_macro: False
bb_expand: False
session_mode: 0
wr: 71.73913043478261
trades: 46
pnl: 13538.33000000006
